NAME : single
TYPE : ATSP
DIMENSION : 11
EDGE_WEIGHT_TYPE : EXPLICIT
EDGE_WEIGHT_FORMAT : FULL_MATRIX
EDGE_WEIGHT_SECTION
0 623 960 994 860 568 304 227 243 447 344 
0 0 326 350 206 77 179 288 316 229 339 
0 326 0 155 221 327 480 529 628 445 656 
0 350 155 0 223 373 503 549 700 474 731 
0 206 221 223 0 284 363 431 493 341 514 
0 77 327 373 284 0 140 210 270 292 289 
0 179 480 503 363 140 0 98 202 268 152 
0 288 529 549 431 210 98 0 264 269 216 
0 316 628 700 493 270 202 264 0 151 244 
0 229 445 474 341 292 268 269 151 0 182 
0 339 656 731 514 289 152 216 244 182 0 
EOF